0.0000000000 0.0000000000 0.0000000000 0.0000000000 0.0000000000 0.0000000000 0.0000000000 0.0000000000 0.0000000000 0.0000000000 
0.0000000000 -0.0000000016 -0.0000002343 0.0000032605 0.0002823052 0.0002823052 0.0000032605 -0.0000002343 -0.0000000016 0.0000000000 
0.0000000000 -0.0000002343 0.0000049494 0.0008430328 -0.0028236958 -0.0028236958 0.0008430328 0.0000049494 -0.0000002343 0.0000000000 
0.0000000000 0.0000032605 0.0008430328 -0.0062121893 -0.9679239988 -0.9679239988 -0.0062121898 0.0008430327 0.0000032605 0.0000000000 
0.0000000000 0.0002823052 -0.0028236958 -0.9679239988 1.8454477787 1.8454477787 -0.9679240584 -0.0028236948 0.0002823052 0.0000000000 
0.0000000000 0.0002823052 -0.0028236958 -0.9679239988 1.8454477787 1.8454477787 -0.9679240584 -0.0028236948 0.0002823052 0.0000000000 
0.0000000000 0.0000032605 0.0008430328 -0.0062121893 -0.9679239988 -0.9679239988 -0.0062121898 0.0008430327 0.0000032605 0.0000000000 
0.0000000000 -0.0000002343 0.0000049494 0.0008430328 -0.0028236958 -0.0028236958 0.0008430328 0.0000049494 -0.0000002343 0.0000000000 
0.0000000000 -0.0000000016 -0.0000002343 0.0000032605 0.0002823052 0.0002823052 0.0000032605 -0.0000002343 -0.0000000016 0.0000000000 
0.0000000000 0.0000000000 0.0000000000 0.0000000000 0.0000000000 0.0000000000 0.0000000000 0.0000000000 0.0000000000 0.0000000000 
